ref1(x)=-1.227108214112739*x^6+2.721090520083178*x^5+-1.777313506283363*x^4+-0.04313216426661477*x^3+0.5976056162947372*x^2+0.5269454815738225*x^1+0.19271507327607187
ref2(x)=-0.7447428906251105*x^6+1.642323996859171*x^5+-1.0243728408521655*x^4+-0.16762557158509875*x^3+0.5663992473968452*x^2+0.5057723223532564*x^1+0.21513725946851728
ref3(x)=-0.29428493755812135*x^6+0.7848116983668162*x^5+-0.6119336309845065*x^4+-0.11434877731600168*x^3+0.5123284704455878*x^2+0.485248042636666*x^1+0.2351000093885927
ref4(x)=-0.020362428547189088*x^6+0.32906181185748856*x^5+-0.4720059246866193*x^4+-0.03625128910232719*x^3+0.4826185645664442*x^2+0.4656804034904119*x^1+0.2520149048370428
ref5(x)=0.09006386225066382*x^6+0.14819139303511067*x^5+-0.4214638010756135*x^4+-0.0033967061460784096*x^3+0.46867501046793975*x^2+0.45202331831886106*x^1+0.2666231285112813
