ref1(x)=-1.1106493800342907*x^6+2.56433703125466*x^5+-1.76349288080066*x^4+-0.004432266019291848*x^3+0.5915547669416554*x^2+0.525105280032001*x^1+0.1928771150206443
ref2(x)=-0.6588935836556403*x^6+1.5248073290090454*x^5+-1.0089364899514397*x^4+-0.1405274054931155*x^3+0.5598667220502517*x^2+0.5046379707659445*x^1+0.21551422250274554
ref3(x)=-0.2648630824178621*x^6+0.7496676091743733*x^5+-0.6156183142612579*x^4+-0.1021022154312858*x^3+0.5114227555934817*x^2+0.4845523857034734*x^1+0.2351769112673191
ref4(x)=-0.03636721464110082*x^6+0.3446065552804613*x^5+-0.4657100747383533*x^4+-0.0434781646994499*x^3+0.4820275417676386*x^2+0.4663737210090772*x^1+0.2520632734996223
ref5(x)=0.07028319439765522*x^6+0.16725510251399833*x^5+-0.4099701358637359*x^4+-0.014562392891887202*x^3+0.46697753341159765*x^2+0.45331345168935494*x^1+0.26667261382344537
